18
13 6 5
6 13 5
6 16 5
16 6 5
11 0 3
0 11 3
3 15 8
15 3 8
12 6 8
6 12 8
17 11 3
11 17 3
4 15 7
15 4 7
12 16 2
16 12 2
7 12 9
12 7 9
15 0 4
0 15 4
13 0 7
0 13 7
16 6 6
6 16 6
0 17 3
17 0 3
2 15 10
15 2 10
6 7 9
7 6 9
2 1 8
1 2 8
15 3 8
3 15 8
16 3 7
3 16 7
1 8 3
8 1 3
8 14 10
14 8 10
6 8 9
8 6 9
2 8 4
8 2 4
2 11 4
11 2 4
14 7 3
7 14 3
10 9 2
9 10 2
8 13 9
13 8 9
7 0 5
0 7 5
15 12 2
12 15 2
15 5 7
5 15 7
9 4 3
4 9 3
4 16 4
16 4 4
16 8 8
8 16 8
10 1 5
1 10 5
10 7 7
7 10 7
9 16 8
16 9 8
11 8 3
8 11 3
3 9 9
9 3 9
15 8 10
8 15 10
8 17 2
17 8 2
11 12 5
12 11 5
8 5 1
5 8 1
13 3 7
3 13 7
13 5 4
5 13 4
8 7 7
7 8 7
10 2 9
2 10 9
5 1 5
1 5 5
3 4 8
4 3 8
12 1 9
1 12 9
12 15 6
15 12 6
13 12 1
12 13 1
17 9 6
9 17 6
1 17 3
17 1 3
14 6 3
6 14 3
14 9 7
9 14 7
11 10 8
10 11 8