100
75 18
18 75
59 45
45 59
89 63
63 89
49 34
34 49
36 5
5 36
59 7
7 59
8 14
14 8
77 55
55 77
59 61
61 59
79 28
28 79
15 59
59 15
92 64
64 92
96 53
53 96
18 4
4 18
33 83
83 33
86 16
16 86
8 37
37 8
6 50
50 6
66 16
16 66
72 25
25 72
69 73
73 69
91 34
34 91
47 95
95 47
65 71
71 65
57 60
60 57
96 22
22 96
3 63
63 3
10 15
15 10
25 95
95 25
48 36
36 48
1 53
53 1
18 42
42 18
98 71
71 98
7 27
27 7
89 43
43 89
89 54
54 89
59 42
42 59
67 58
58 67
16 1
1 16
87 47
47 87
47 73
73 47
87 63
63 87
13 45
45 13
26 91
91 26
24 71
71 24
67 36
36 67
79 24
24 79
72 38
38 72
16 4
4 16
96 94
94 96
63 30
30 63
70 53
53 70
33 48
48 33
4 68
68 4
48 66
66 48
78 47
47 78
49 98
98 49
97 27
27 97
65 54
54 65
29 53
53 29
44 16
16 44
2 18
18 2
75 53
53 75
75 35
35 75
70 28
28 70
42 12
12 42
4 92
92 4
83 17
17 83
2 33
33 2
30 65
65 30
40 58
58 40
42 57
57 42
92 20
20 92
86 81
81 86
26 44
44 26
72 61
61 72
74 43
43 74
50 47
47 50
27 52
52 27
77 80
80 77
72 69
69 72
97 19
19 97
24 65
65 24
42 56
56 42
14 79
79 14
25 32
32 25
23 64
64 23
12 86
86 12
73 44
44 73
25 55
55 25
66 94
94 66
8 26
26 8
56 80
80 56
37 61
61 37
42 36
36 42
90 49
49 90
55 50
50 55
92 71
71 92
60 23
23 60
33 26
26 33
77 30
30 77
66 47
47 66
18 40
40 18
37 10
10 37
31 64
64 31
73 83
83 73
27 22
22 27
14 78
78 14
60 71
71 60
63 43
43 63
28 81
81 28
13 78
78 13
89 75
75 89
76 73
73 76
72 40
40 72
25 50
50 25
10 98
98 10
78 35
35 78
27 61
61 27
7 15
15 7
43 26
26 43
29 78
78 29
62 6
6 62
22 33
33 22
36 13
13 36
11 88
88 11
59 90
90 59
98 95
95 98
17 87
87 17
63 64
64 63
38 90
90 38
38 23
23 38
72 28
28 72
44 78
78 44
50 99
99 50
63 47
47 63
0 1
1 0
51 34
34 51
16 82
82 16
52 43
43 52
37 58
58 37
29 37
37 29
90 20
20 90
0 82
82 0
3 64
64 3
51 79
79 51
88 39
39 88
40 39
39 40
34 94
94 34
89 57
57 89
63 11
11 63
46 84
84 46
84 93
93 84
24 11
11 24
89 96
96 89
43 82
82 43
71 75
75 71
26 80
80 26
61 1
1 61
85 41
41 85
32 51
51 32
60 10
10 60
96 99
99 96
95 21
21 95
13 12
12 13
94 76
76 94
48 58
58 48
53 80
80 53